3 -1 1 2 3
1 2
1 1.358380 -0.227000 0.000000
2 1.358380 0.000000 0.000000
1 1 2 3
4 61 0.000000 0.000000 0.000000 0.000000 0.017241 0.034483 0.051724 0.068966 0.086207 0.103448 0.120690 0.137931 0.155172 0.172414 0.189655 0.206897 0.224138 0.241379 0.258621 0.275862 0.293103 0.310345 0.327586 0.344828 0.362069 0.379310 0.396552 0.413793 0.431034 0.448276 0.465517 0.482759 0.500000 0.517241 0.534483 0.551724 0.568966 0.586207 0.603448 0.620690 0.637931 0.655172 0.672414 0.689655 0.706897 0.724138 0.741379 0.758621 0.775862 0.793103 0.810345 0.827586 0.844828 0.862069 0.879310 0.896552 0.913793 0.931034 0.948276 0.965517 0.982759 1.000000 1.000000 1.000000 1.000000 1.358380 -0.227000 1.358326 -0.325036 1.358217 -0.521109 1.359034 -0.412564 1.386829 -0.564514 1.400051 -0.649181 1.444648 -0.742483 1.378256 -0.868529 1.314767 -1.059383 1.350596 -0.958261 1.485388 -0.967295 1.613410 -0.892839 1.669552 -1.042188 1.775302 -1.146308 1.754499 -1.207598 1.797360 -1.045338 1.812920 -0.913090 1.874021 -0.884404 1.914295 -0.837455 1.992337 -0.759994 1.940136 -0.822907 2.083919 -0.674699 2.173889 -0.608577 2.283126 -0.425232 2.369106 -0.628695 2.340450 0.000012 2.369095 0.628645 2.283169 0.425406 2.173729 0.607929 2.084517 0.677118 1.937904 0.813879 1.987647 0.767707 1.749830 0.970613 1.827255 0.901940 1.753089 0.975646 1.739829 1.014457 1.706537 1.164525 1.718025 1.110084 1.704643 1.180720 1.703484 1.139695 1.654423 1.111480 1.669965 1.120287 1.628958 1.091374 1.624562 1.089378 1.545032 1.054755 1.464948 1.018844 1.462635 1.020710 1.439653 1.024015 1.396135 1.036831 1.369809 1.065423 1.400370 0.993018 1.377772 1.050886 1.438682 0.888999 1.445701 0.846580 1.428356 0.753883 1.464135 0.930808 1.337703 0.312866 1.363894 0.552169 1.357002 0.202458 1.357921 0.067486 1.358380 0.000000 
2 2 1 3
6 6 0.000000 0.000000 0.000000 0.000000 0.000000 0.000000 1.000000 1.000000 1.000000 1.000000 1.000000 1.000000 1.358380 0.000000 1.358689 -0.045399 1.358998 -0.090798 1.358405 -0.181600 1.358405 -0.181600 1.358380 -0.227000 
2 2
3 1.338380 -0.226989 0.000000
4 1.338380 -0.000136 0.000000
3 3 4 3
4 68 0.000000 0.000000 0.000000 0.000000 0.015385 0.030769 0.046154 0.061538 0.076923 0.092308 0.107692 0.123077 0.138462 0.153846 0.169231 0.184615 0.200000 0.215385 0.230769 0.246154 0.261538 0.276923 0.292308 0.307692 0.323077 0.338462 0.353846 0.369231 0.384615 0.400000 0.415385 0.430769 0.446154 0.461538 0.476923 0.492308 0.507692 0.523077 0.538462 0.553846 0.569231 0.584615 0.600000 0.615385 0.630769 0.646154 0.661538 0.676923 0.692308 0.707692 0.723077 0.738462 0.753846 0.769231 0.784615 0.800000 0.815385 0.830769 0.846154 0.861538 0.876923 0.892308 0.907692 0.923077 0.938462 0.953846 0.969231 0.984615 1.000000 1.000000 1.000000 1.000000 1.338380 -0.226989 1.337851 -0.323552 1.336792 -0.516678 1.344731 -0.430721 1.365273 -0.562362 1.382341 -0.660127 1.422915 -0.737929 1.363487 -0.863933 1.284542 -1.036811 1.371591 -1.017794 1.348108 -0.991271 1.495512 -0.982443 1.604391 -0.915684 1.650298 -1.046822 1.760206 -1.169522 1.727393 -1.164931 1.792118 -1.208374 1.812031 -1.049226 1.834325 -0.920113 1.882064 -0.904030 1.932477 -0.848109 1.998524 -0.780450 1.956079 -0.834995 2.095744 -0.693703 2.191744 -0.608919 2.293652 -0.479739 2.296846 -0.529694 2.390593 -0.606585 2.359708 0.000004 2.390576 0.606571 2.296914 0.529726 2.293508 0.479933 2.191899 0.608074 2.095696 0.696352 1.953953 0.827181 1.994236 0.782909 1.784245 0.988687 1.760020 0.906467 1.847726 0.897211 1.761733 0.993472 1.779538 1.021509 1.655567 1.147210 1.756931 1.178875 1.664501 1.162845 1.691392 1.157327 1.645790 1.129280 1.656458 1.135300 1.617256 1.107701 1.617348 1.108250 1.537602 1.072927 1.453382 1.037045 1.470509 1.040640 1.443757 1.043662 1.400113 1.054933 1.410987 1.076588 1.328788 1.035201 1.430157 1.062602 1.400575 0.878587 1.431872 0.838652 1.402127 0.805150 1.466634 0.786809 1.471823 0.814878 1.427536 0.918333 1.323092 0.325933 1.342934 0.543086 1.337243 0.205062 1.338001 0.068263 1.338380 -0.000136 
4 4 3 3
6 6 0.000000 0.000000 0.000000 0.000000 0.000000 0.000000 1.000000 1.000000 1.000000 1.000000 1.000000 1.000000 1.338380 -0.000136 1.338690 -0.045535 1.338999 -0.090934 1.338405 -0.181589 1.338405 -0.181589 1.338380 -0.226989 
3 1
5 3.300000 0.000000 0.000000
5 5 5 3
4 22 0.000000 0.000000 0.000000 0.000000 0.052632 0.105263 0.157895 0.210526 0.263158 0.315789 0.368421 0.421053 0.473684 0.526316 0.578947 0.631579 0.684211 0.736842 0.789474 0.842105 0.894737 0.947368 1.000000 1.000000 1.000000 1.000000 3.300000 0.000000 3.300000 0.275560 3.189743 0.826679 2.748077 1.563775 2.162435 2.131411 1.575129 2.468076 1.083480 2.537287 0.724505 2.331543 0.491055 1.873140 0.357160 1.211754 0.297472 0.419055 0.297472 -0.419055 0.357160 -1.211754 0.491055 -1.873140 0.724505 -2.331543 1.083480 -2.537287 1.575129 -2.468076 2.162435 -2.131411 2.748077 -1.563775 3.189743 -0.826679 3.300000 -0.275560 3.300000 -0.000000 
