0.0000e+00 637.56
5.0000e-03 628.25
1.0000e-02 621.92
1.5000e-02 617.13
2.0000e-02 612.82
2.5000e-02 609.16
3.0000e-02 605.7
3.5000e-02 602.6
4.0000e-02 599.51
4.5000e-02 596.64
5.0000e-02 593.77
5.5000e-02 590.86
6.0000e-02 587.84
6.5000e-02 584.83
7.0000e-02 581.74
7.5000e-02 578.43
8.0000e-02 575.12
8.5000e-02 571.81
9.0000e-02 568.3
9.5000e-02 564.76
1.0000e-01 561.22
1.0500e-01 557.64
1.1000e-01 553.93
1.1500e-01 550.23
1.2000e-01 546.52
1.2500e-01 542.81
1.3000e-01 539.09
1.3500e-01 535.36
1.4000e-01 531.64
1.4500e-01 527.93
1.5000e-01 524.27
1.5500e-01 520.6
1.6000e-01 516.94
1.6500e-01 513.28
1.7000e-01 509.61
1.7500e-01 505.95
1.8000e-01 502.29
1.8500e-01 498.62
1.9000e-01 494.94
1.9500e-01 491.18
2.0000e-01 487.41
2.0500e-01 483.64
2.1000e-01 479.88
2.1500e-01 476.12
2.2000e-01 472.37
2.2500e-01 468.62
2.3000e-01 464.86
2.3500e-01 461.11
2.4000e-01 457.51
2.4500e-01 454.01
2.5000e-01 450.5
2.5500e-01 447
2.6000e-01 443.49
2.6500e-01 440.2
2.7000e-01 437.03
2.7500e-01 433.86
2.8000e-01 430.7
2.8500e-01 427.53
2.9000e-01 424.53
2.9500e-01 421.67
3.0000e-01 418.8
3.0500e-01 415.94
3.1000e-01 413.07
3.1500e-01 410.26
3.2000e-01 407.51
3.2500e-01 404.76
3.3000e-01 402.02
3.3500e-01 399.27
3.4000e-01 396.52
3.4500e-01 393.72
3.5000e-01 390.93
3.5500e-01 388.13
3.6000e-01 385.33
3.6500e-01 382.54
3.7000e-01 379.78
3.7500e-01 377.02
3.8000e-01 374.26
3.8500e-01 371.5
3.9000e-01 368.75
3.9500e-01 366.14
4.0000e-01 363.59
4.0500e-01 361.05
4.1000e-01 358.51
4.1500e-01 355.96
4.2000e-01 353.5
4.2500e-01 351.16
4.3000e-01 348.82
4.3500e-01 346.48
4.4000e-01 344.14
4.4500e-01 341.81
4.5000e-01 339.6
4.5500e-01 337.39
4.6000e-01 335.17
4.6500e-01 332.96
4.7000e-01 330.75
4.7500e-01 328.61
4.8000e-01 326.48
4.8500e-01 324.35
4.9000e-01 322.23
4.9500e-01 320.1
5.0000e-01 317.99
5.0500e-01 315.89
5.1000e-01 313.79
5.1500e-01 311.68
5.2000e-01 309.58
5.2500e-01 307.46
5.3000e-01 305.34
5.3500e-01 303.21
5.4000e-01 301.09
5.4500e-01 298.96
5.5000e-01 296.85
5.5500e-01 294.78
5.6000e-01 292.7
5.6500e-01 290.62
5.7000e-01 288.54
5.7500e-01 286.52
5.8000e-01 284.59
5.8500e-01 282.66
5.9000e-01 280.73
5.9500e-01 278.8
6.0000e-01 276.9
6.0500e-01 275.07
6.1000e-01 273.24
6.1500e-01 271.41
6.2000e-01 269.57
6.2500e-01 267.71
6.3000e-01 265.81
6.3500e-01 263.91
6.4000e-01 262.01
6.4500e-01 260.11
6.5000e-01 258.16
6.5500e-01 256.17
6.6000e-01 254.18
6.6500e-01 252.19
6.7000e-01 250.2
6.7500e-01 248.27
6.8000e-01 246.36
6.8500e-01 244.45
6.9000e-01 242.53
6.9500e-01 240.62
7.0000e-01 238.85
7.0500e-01 237.08
7.1000e-01 235.31
7.1500e-01 233.53
7.2000e-01 231.79
7.2500e-01 230.11
7.3000e-01 228.43
7.3500e-01 226.74
7.4000e-01 225.06
7.4500e-01 223.41
7.5000e-01 221.77
7.5500e-01 220.13
7.6000e-01 218.49
7.6500e-01 216.86
7.7000e-01 215.23
7.7500e-01 213.59
7.8000e-01 211.96
7.8500e-01 210.33
7.9000e-01 208.67
7.9500e-01 207
8.0000e-01 205.34
8.0500e-01 203.67
8.1000e-01 202.01
8.1500e-01 200.35
8.2000e-01 198.69
8.2500e-01 197.03
8.3000e-01 195.42
8.3500e-01 193.85
8.4000e-01 192.27
8.4500e-01 190.7
8.5000e-01 189.15
8.5500e-01 187.63
8.6000e-01 186.12
8.6500e-01 184.6
8.7000e-01 183.03
8.7500e-01 181.4
8.8000e-01 179.78
8.8500e-01 178.16
8.9000e-01 176.43
8.9500e-01 174.65
9.0000e-01 172.87
9.0500e-01 171.1
9.1000e-01 169.3
9.1500e-01 167.51
9.2000e-01 165.71
9.2500e-01 163.93
9.3000e-01 162.17
9.3500e-01 160.41
9.4000e-01 158.65
9.4500e-01 156.88
9.5000e-01 155.1
9.5500e-01 153.32
9.6000e-01 151.51
9.6500e-01 149.65
9.7000e-01 147.8
9.7500e-01 145.76
9.8000e-01 143.43
9.8500e-01 141.1
9.9000e-01 138.73
9.9500e-01 136.31
1.0000e+00 133.89
