    0.000000    1.720900
    0.005000    1.718300
    0.010000    1.714800
    0.015000    1.711300
    0.020000    1.708000
    0.025000    1.704700
    0.030000    1.701500
    0.035000    1.698200
    0.040000    1.694900
    0.045000    1.691300
    0.050000    1.687700
    0.055000    1.684000
    0.060000    1.680000
    0.065000    1.676000
    0.070000    1.671900
    0.075000    1.667600
    0.080000    1.663200
    0.085000    1.658900
    0.090000    1.654300
    0.095000    1.649600
    0.100000    1.644900
    0.105000    1.640200
    0.110000    1.635400
    0.115000    1.630600
    0.120000    1.625700
    0.125000    1.621000
    0.130000    1.616300
    0.135000    1.611700
    0.140000    1.607100
    0.145000    1.602600
    0.150000    1.598400
    0.155000    1.594300
    0.160000    1.590200
    0.165000    1.586100
    0.170000    1.582300
    0.175000    1.578700
    0.180000    1.575100
    0.185000    1.571500
    0.190000    1.567900
    0.195000    1.564700
    0.200000    1.561500
    0.205000    1.558200
    0.210000    1.555000
    0.215000    1.551800
    0.220000    1.548700
    0.225000    1.545600
    0.230000    1.542400
    0.235000    1.539300
    0.240000    1.536100
    0.245000    1.533000
    0.250000    1.529800
    0.255000    1.526600
    0.260000    1.523400
    0.265000    1.520200
    0.270000    1.516800
    0.275000    1.513500
    0.280000    1.510200
    0.285000    1.506800
    0.290000    1.503300
    0.295000    1.499700
    0.300000    1.496100
    0.305000    1.492500
    0.310000    1.488800
    0.315000    1.485200
    0.320000    1.481400
    0.325000    1.477600
    0.330000    1.473800
    0.335000    1.470000
    0.340000    1.466200
    0.345000    1.462500
    0.350000    1.458800
    0.355000    1.455100
    0.360000    1.451300
    0.365000    1.447600
    0.370000    1.444100
    0.375000    1.440600
    0.380000    1.437200
    0.385000    1.433700
    0.390000    1.430200
    0.395000    1.426900
    0.400000    1.423800
    0.405000    1.420600
    0.410000    1.417400
    0.415000    1.414300
    0.420000    1.411200
    0.425000    1.408300
    0.430000    1.405400
    0.435000    1.402500
    0.440000    1.399500
    0.445000    1.396600
    0.450000    1.393600
    0.455000    1.390600
    0.460000    1.387500
    0.465000    1.384500
    0.470000    1.381500
    0.475000    1.378100
    0.480000    1.374600
    0.485000    1.371200
    0.490000    1.367700
    0.495000    1.364300
    0.500000    1.360400
    0.505000    1.356500
    0.510000    1.352500
    0.515000    1.348500
    0.520000    1.344500
    0.525000    1.340300
    0.530000    1.335800
    0.535000    1.331400
    0.540000    1.327000
    0.545000    1.322500
    0.550000    1.317800
    0.555000    1.312800
    0.560000    1.307700
    0.565000    1.302600
    0.570000    1.297600
    0.575000    1.292300
    0.580000    1.286700
    0.585000    1.281100
    0.590000    1.275500
    0.595000    1.269900
    0.600000    1.264100
    0.605000    1.257900
    0.610000    1.251600
    0.615000    1.245400
    0.620000    1.239100
    0.625000    1.232600
    0.630000    1.225800
    0.635000    1.218900
    0.640000    1.212100
    0.645000    1.205200
    0.650000    1.198100
    0.655000    1.190600
    0.660000    1.183200
    0.665000    1.175700
    0.670000    1.168300
    0.675000    1.160500
    0.680000    1.152700
    0.685000    1.144900
    0.690000    1.137000
    0.695000    1.129200
    0.700000    1.121100
    0.705000    1.113000
    0.710000    1.105000
    0.715000    1.096900
    0.720000    1.088800
    0.725000    1.080500
    0.730000    1.072200
    0.735000    1.064000
    0.740000    1.055700
    0.745000    1.046900
    0.750000    1.037900
    0.755000    1.029000
    0.760000    1.020000
    0.765000    1.010600
    0.770000    1.000300
    0.775000    0.990040
    0.780000    0.979760
    0.785000    0.969480
    0.790000    0.957630
    0.795000    0.945770
    0.800000    0.933910
    0.805000    0.922050
    0.810000    0.908680
    0.815000    0.894770
    0.820000    0.880860
    0.825000    0.866950
    0.830000    0.851690
    0.835000    0.835460
    0.840000    0.819220
    0.845000    0.802980
    0.850000    0.785440
    0.855000    0.766680
    0.860000    0.747910
    0.865000    0.729140
    0.870000    0.708990
    0.875000    0.687710
    0.880000    0.666430
    0.885000    0.645150
    0.890000    0.622460
    0.895000    0.599140
    0.900000    0.575810
    0.905000    0.552490
    0.910000    0.527820
    0.915000    0.503070
    0.920000    0.478310
    0.925000    0.453340
    0.930000    0.427890
    0.935000    0.402440
    0.940000    0.376990
    0.945000    0.351470
    0.950000    0.325930
    0.955000    0.300390
    0.960000    0.274980
    0.965000    0.249710
    0.970000    0.224440
    0.975000    0.199290
    0.980000    0.174350
    0.985000    0.149400
    0.990000    0.124470
    0.995000    0.099549
    1.000000    0.074630
    1.005000    0.050085
    1.010000    0.025581
