    0.000000    1.551700
    0.005000    1.548200
    0.010000    1.545300
    0.015000    1.542000
    0.020000    1.538600
    0.025000    1.534800
    0.030000    1.530800
    0.035000    1.526700
    0.040000    1.522600
    0.045000    1.518500
    0.050000    1.514300
    0.055000    1.510300
    0.060000    1.506300
    0.065000    1.502300
    0.070000    1.498300
    0.075000    1.494500
    0.080000    1.490700
    0.085000    1.486900
    0.090000    1.483300
    0.095000    1.479700
    0.100000    1.476100
    0.105000    1.472500
    0.110000    1.469200
    0.115000    1.465800
    0.120000    1.462500
    0.125000    1.459200
    0.130000    1.456100
    0.135000    1.453000
    0.140000    1.449900
    0.145000    1.446800
    0.150000    1.443900
    0.155000    1.441000
    0.160000    1.438100
    0.165000    1.435200
    0.170000    1.432400
    0.175000    1.429700
    0.180000    1.427100
    0.185000    1.424400
    0.190000    1.421700
    0.195000    1.419200
    0.200000    1.416700
    0.205000    1.414200
    0.210000    1.411700
    0.215000    1.409200
    0.220000    1.406900
    0.225000    1.404500
    0.230000    1.402200
    0.235000    1.399800
    0.240000    1.397600
    0.245000    1.395500
    0.250000    1.393400
    0.255000    1.391300
    0.260000    1.389200
    0.265000    1.387300
    0.270000    1.385500
    0.275000    1.383800
    0.280000    1.382000
    0.285000    1.380300
    0.290000    1.378800
    0.295000    1.377600
    0.300000    1.376400
    0.305000    1.375100
    0.310000    1.373900
    0.315000    1.372900
    0.320000    1.372300
    0.325000    1.371600
    0.330000    1.371000
    0.335000    1.370400
    0.340000    1.369800
    0.345000    1.369400
    0.350000    1.369000
    0.355000    1.368700
    0.360000    1.368300
    0.365000    1.368000
    0.370000    1.367700
    0.375000    1.367500
    0.380000    1.367300
    0.385000    1.367100
    0.390000    1.366900
    0.395000    1.366800
    0.400000    1.366700
    0.405000    1.366700
    0.410000    1.366600
    0.415000    1.366500
    0.420000    1.366400
    0.425000    1.366500
    0.430000    1.366500
    0.435000    1.366500
    0.440000    1.366500
    0.445000    1.366600
    0.450000    1.366700
    0.455000    1.366700
    0.460000    1.366800
    0.465000    1.366900
    0.470000    1.367000
    0.475000    1.366900
    0.480000    1.366800
    0.485000    1.366700
    0.490000    1.366600
    0.495000    1.366500
    0.500000    1.366300
    0.505000    1.366000
    0.510000    1.365700
    0.515000    1.365400
    0.520000    1.365100
    0.525000    1.364800
    0.530000    1.364400
    0.535000    1.364000
    0.540000    1.363500
    0.545000    1.363100
    0.550000    1.362600
    0.555000    1.361800
    0.560000    1.361000
    0.565000    1.360200
    0.570000    1.359400
    0.575000    1.358600
    0.580000    1.357500
    0.585000    1.356500
    0.590000    1.355500
    0.595000    1.354500
    0.600000    1.353300
    0.605000    1.351900
    0.610000    1.350500
    0.615000    1.349100
    0.620000    1.347700
    0.625000    1.346200
    0.630000    1.344400
    0.635000    1.342600
    0.640000    1.340900
    0.645000    1.339100
    0.650000    1.337000
    0.655000    1.334700
    0.660000    1.332400
    0.665000    1.330100
    0.670000    1.327800
    0.675000    1.325300
    0.680000    1.322700
    0.685000    1.320100
    0.690000    1.317500
    0.695000    1.314900
    0.700000    1.311900
    0.705000    1.308900
    0.710000    1.305800
    0.715000    1.302800
    0.720000    1.299600
    0.725000    1.296000
    0.730000    1.292400
    0.735000    1.288800
    0.740000    1.285200
    0.745000    1.281000
    0.750000    1.276600
    0.755000    1.272200
    0.760000    1.267800
    0.765000    1.263000
    0.770000    1.257600
    0.775000    1.252200
    0.780000    1.246800
    0.785000    1.241400
    0.790000    1.235200
    0.795000    1.229100
    0.800000    1.222900
    0.805000    1.216700
    0.810000    1.209400
    0.815000    1.201600
    0.820000    1.193900
    0.825000    1.186100
    0.830000    1.177700
    0.835000    1.168800
    0.840000    1.159900
    0.845000    1.151000
    0.850000    1.141200
    0.855000    1.130800
    0.860000    1.120300
    0.865000    1.109800
    0.870000    1.098600
    0.875000    1.086700
    0.880000    1.074800
    0.885000    1.062900
    0.890000    1.050000
    0.895000    1.036500
    0.900000    1.023000
    0.905000    1.009600
    0.910000    0.994600
    0.915000    0.979540
    0.920000    0.964480
    0.925000    0.948860
    0.930000    0.932000
    0.935000    0.915130
    0.940000    0.898260
    0.945000    0.880180
    0.950000    0.861830
    0.955000    0.843480
    0.960000    0.824360
    0.965000    0.804470
    0.970000    0.784580
    0.975000    0.764150
    0.980000    0.742830
    0.985000    0.721510
    0.990000    0.699230
    0.995000    0.676110
    1.000000    0.652990
    1.005000    0.629680
    1.010000    0.606683
    1.015000    0.584522
    1.020000    0.563779
    1.025000    0.545016
    1.030000    0.528686
    1.035000    0.515053
    1.040000    0.504155
    1.045000    0.495829
    1.050000    0.489757
