3 -1 1 2 3
1 2
1 1.109300 0.571200 0.000000
2 1.179000 0.817600 0.000000
1 1 2 3
4 47 0.000000 0.000000 0.000000 0.000000 0.022727 0.045455 0.068182 0.090909 0.113636 0.136364 0.159091 0.181818 0.204545 0.227273 0.250000 0.272727 0.295455 0.318182 0.340909 0.363636 0.386364 0.409091 0.431818 0.454545 0.477273 0.500000 0.522727 0.545455 0.568182 0.590909 0.613636 0.636364 0.659091 0.681818 0.704545 0.727273 0.750000 0.772727 0.795455 0.818182 0.840909 0.863636 0.886364 0.909091 0.931818 0.954545 0.977273 1.000000 1.000000 1.000000 1.000000 1.109300 0.571200 1.095155 0.504291 1.066865 0.370473 1.046240 0.165108 1.039176 -0.037305 1.056855 -0.252886 1.063403 -0.417549 1.190534 -0.763117 1.276060 -0.843382 1.308427 -0.986156 1.254831 -1.077595 1.228650 -1.103665 1.236370 -1.151544 1.279671 -1.139758 1.320147 -1.040025 1.390342 -1.075743 1.476484 -1.032602 1.559722 -1.275648 1.609229 -1.223806 1.603364 -1.188128 1.631315 -1.035881 1.632775 -0.986946 1.696183 -0.848334 1.815491 -0.766516 1.885052 -0.667202 1.983100 -0.581078 2.017549 -0.459687 2.070906 -0.396575 2.115229 -0.303013 2.146780 -0.227971 2.186853 -0.084701 2.202608 0.020774 2.204513 0.097604 2.203338 0.211609 2.180335 0.308159 2.152320 0.410956 2.103783 0.502016 2.088347 0.576781 1.999430 0.712859 1.929534 0.814983 1.860035 0.986207 1.627128 1.151988 1.515255 1.217043 1.313052 1.089842 1.239537 0.976790 1.199179 0.870663 1.179000 0.817600 
2 2 1 3
6 6 0.000000 0.000000 0.000000 0.000000 0.000000 0.000000 1.000000 1.000000 1.000000 1.000000 1.000000 1.000000 1.179000 0.817600 1.160796 0.769731 1.142592 0.721862 1.119893 0.621306 1.119893 0.621306 1.109300 0.571200 
2 2
3 1.089732 0.575337 0.000000
4 1.160306 0.824709 0.000000
3 3 4 3
4 49 0.000000 0.000000 0.000000 0.000000 0.021739 0.043478 0.065217 0.086957 0.108696 0.130435 0.152174 0.173913 0.195652 0.217391 0.239130 0.260870 0.282609 0.304348 0.326087 0.347826 0.369565 0.391304 0.413043 0.434783 0.456522 0.478261 0.500000 0.521739 0.543478 0.565217 0.586957 0.608696 0.630435 0.652174 0.673913 0.695652 0.717391 0.739130 0.760870 0.782609 0.804348 0.826087 0.847826 0.869565 0.891304 0.913043 0.934783 0.956522 0.978261 1.000000 1.000000 1.000000 1.000000 1.089732 0.575337 1.075526 0.508114 1.047112 0.373668 1.026241 0.166605 1.019200 -0.038360 1.036796 -0.253212 1.043857 -0.422821 1.172695 -0.772117 1.259605 -0.855725 1.285992 -0.983859 1.241515 -1.063607 1.205066 -1.094509 1.227595 -1.173092 1.269052 -1.160688 1.292785 -1.151105 1.330950 -1.057568 1.394097 -1.098098 1.456352 -1.045506 1.544942 -1.279252 1.589909 -1.264920 1.623161 -1.240235 1.624835 -1.186688 1.650679 -1.039220 1.652588 -0.992390 1.710978 -0.862444 1.828887 -0.781214 1.899733 -0.680909 2.000006 -0.592017 2.036386 -0.466802 2.087007 -0.408743 2.133817 -0.310712 2.165753 -0.234254 2.206389 -0.089279 2.222578 0.019092 2.224540 0.097340 2.223259 0.213890 2.199839 0.312989 2.170639 0.419105 2.122620 0.508667 2.106640 0.585220 2.014969 0.725682 1.948929 0.821821 1.873818 1.000549 1.641911 1.167926 1.509099 1.238662 1.299602 1.105142 1.220659 0.984440 1.180424 0.877953 1.160306 0.824709 
4 4 3 3
6 6 0.000000 0.000000 0.000000 0.000000 0.000000 0.000000 1.000000 1.000000 1.000000 1.000000 1.000000 1.000000 1.160306 0.824709 1.142102 0.776840 1.123898 0.728971 1.100325 0.625443 1.100325 0.625443 1.089732 0.575337 
3 2
5 0.873650 -0.020750 0.000000
6 2.573650 -0.020750 0.000000
5 5 6 3
6 6 0.000000 0.000000 0.000000 0.000000 0.000000 0.000000 1.000000 1.000000 1.000000 1.000000 1.000000 1.000000 0.873650 -0.020750 0.873650 -1.340750 0.873650 -2.000750 2.573650 -1.340750 2.573650 -0.680750 2.573650 -0.020750 
6 6 5 3
6 6 0.000000 0.000000 0.000000 0.000000 0.000000 0.000000 1.000000 1.000000 1.000000 1.000000 1.000000 1.000000 2.573650 -0.020750 2.573650 0.639250 2.573650 1.299250 0.873650 1.959250 0.873650 1.299250 0.873650 -0.020750 
