3 -1 1 2 3
1 2
1 0.315000 0.000204 0.000000
2 0.315000 0.037053 0.000000
1 1 2 3
4 203 0.000000 0.000000 0.000000 0.000000 0.005000 0.010000 0.015000 0.020000 0.025000 0.030000 0.035000 0.040000 0.045000 0.050000 0.055000 0.060000 0.065000 0.070000 0.075000 0.080000 0.085000 0.090000 0.095000 0.100000 0.105000 0.110000 0.115000 0.120000 0.125000 0.130000 0.135000 0.140000 0.145000 0.150000 0.155000 0.160000 0.165000 0.170000 0.175000 0.180000 0.185000 0.190000 0.195000 0.200000 0.205000 0.210000 0.215000 0.220000 0.225000 0.230000 0.235000 0.240000 0.245000 0.250000 0.255000 0.260000 0.265000 0.270000 0.275000 0.280000 0.285000 0.290000 0.295000 0.300000 0.305000 0.310000 0.315000 0.320000 0.325000 0.330000 0.335000 0.340000 0.345000 0.350000 0.355000 0.360000 0.365000 0.370000 0.375000 0.380000 0.385000 0.390000 0.395000 0.400000 0.405000 0.410000 0.415000 0.420000 0.425000 0.430000 0.435000 0.440000 0.445000 0.450000 0.455000 0.460000 0.465000 0.470000 0.475000 0.480000 0.485000 0.490000 0.495000 0.500000 0.505000 0.510000 0.515000 0.520000 0.525000 0.530000 0.535000 0.540000 0.545000 0.550000 0.555000 0.560000 0.565000 0.570000 0.575000 0.580000 0.585000 0.590000 0.595000 0.600000 0.605000 0.610000 0.615000 0.620000 0.625000 0.630000 0.635000 0.640000 0.645000 0.650000 0.655000 0.660000 0.665000 0.670000 0.675000 0.680000 0.685000 0.690000 0.695000 0.700000 0.705000 0.710000 0.715000 0.720000 0.725000 0.730000 0.735000 0.740000 0.745000 0.750000 0.755000 0.760000 0.765000 0.770000 0.775000 0.780000 0.785000 0.790000 0.795000 0.800000 0.805000 0.810000 0.815000 0.820000 0.825000 0.830000 0.835000 0.840000 0.845000 0.850000 0.855000 0.860000 0.865000 0.870000 0.875000 0.880000 0.885000 0.890000 0.895000 0.900000 0.905000 0.910000 0.915000 0.920000 0.925000 0.930000 0.935000 0.940000 0.945000 0.950000 0.955000 0.960000 0.965000 0.970000 0.975000 0.980000 0.985000 0.990000 0.995000 1.000000 1.000000 1.000000 1.000000 0.315000 0.000204 0.315000 -0.012088 0.315000 -0.036674 0.315000 -0.073381 0.315000 -0.109965 0.315000 -0.146622 0.315000 -0.183610 0.315000 -0.221144 0.315000 -0.259140 0.315000 -0.297371 0.315000 -0.335712 0.315000 -0.374275 0.315000 -0.413376 0.315000 -0.453370 0.315000 -0.494367 0.315000 -0.536037 0.315000 -0.578122 0.315000 -0.620580 0.315000 -0.663729 0.315000 -0.708217 0.314999 -0.754294 0.315004 -0.801697 0.314987 -0.849910 0.315049 -0.898454 0.314817 -0.948510 0.315684 -0.997803 0.312447 -1.058771 0.329303 -1.077612 0.340388 -1.106880 0.352426 -1.132069 0.363594 -1.156964 0.374673 -1.181295 0.385813 -1.205656 0.396861 -1.230642 0.408297 -1.253215 0.416799 -1.281577 0.414506 -1.343315 0.415175 -1.394942 0.414792 -1.452258 0.415655 -1.507306 0.412587 -1.580077 0.423998 -1.594666 0.431472 -1.622900 0.446632 -1.623535 0.465392 -1.623359 0.489941 -1.623430 0.513992 -1.623322 0.543334 -1.623682 0.580259 -1.622350 0.618253 -1.632899 0.654573 -1.611773 0.684598 -1.601787 0.713296 -1.590018 0.742421 -1.578680 0.772214 -1.566923 0.802038 -1.555210 0.831315 -1.543677 0.860014 -1.532403 0.888161 -1.521293 0.916555 -1.510226 0.945688 -1.498403 0.975674 -1.487943 1.004910 -1.471463 1.037867 -1.477103 1.056923 -1.400165 1.083401 -1.376116 1.107535 -1.338351 1.132060 -1.304660 1.155924 -1.270608 1.179284 -1.237649 1.201961 -1.205537 1.224214 -1.174104 1.246265 -1.142826 1.268408 -1.111753 1.290024 -1.080242 1.312636 -1.051719 1.330232 -1.013903 1.344395 -0.971688 1.358109 -0.929934 1.371710 -0.888743 1.385133 -0.848070 1.398300 -0.808107 1.411228 -0.768948 1.423930 -0.730409 1.436574 -0.692124 1.449254 -0.653625 1.462029 -0.615150 1.474391 -0.576578 1.488127 -0.539164 1.486943 -0.491404 1.496843 -0.452954 1.504264 -0.412662 1.512320 -0.372976 1.520136 -0.333452 1.527917 -0.294424 1.535598 -0.255844 1.543231 -0.217502 1.550918 -0.178816 1.558738 -0.139716 1.566449 -0.100179 1.572065 -0.060145 1.574771 -0.020061 1.574772 0.019995 1.572061 0.060079 1.566463 0.100115 1.558747 0.139654 1.550928 0.178756 1.543241 0.217444 1.535609 0.255785 1.527922 0.294367 1.520163 0.333393 1.512326 0.372918 1.504275 0.412604 1.496856 0.452900 1.486941 0.491342 1.488121 0.539095 1.474417 0.576528 1.462051 0.615096 1.449258 0.653576 1.436598 0.692076 1.423949 0.730361 1.411247 0.768899 1.398325 0.808060 1.385134 0.848024 1.371739 0.888697 1.358110 0.929893 1.344420 0.971648 1.330251 1.013861 1.312655 1.051689 1.290048 1.080225 1.268414 1.111732 1.246276 1.142807 1.224223 1.174081 1.201971 1.205530 1.179293 1.237638 1.155939 1.270599 1.132052 1.304647 1.107553 1.338355 1.083396 1.376115 1.056923 1.400166 1.037870 1.477102 1.004895 1.471464 0.975668 1.487940 0.945671 1.498416 0.916532 1.510235 0.888135 1.521303 0.859988 1.532412 0.831289 1.543688 0.802012 1.555217 0.772181 1.566945 0.742380 1.578703 0.713259 1.590025 0.684577 1.601799 0.654588 1.611779 0.618300 1.632866 0.580309 1.622359 0.543356 1.623679 0.514041 1.623324 0.490048 1.623424 0.465493 1.623379 0.446759 1.623461 0.431529 1.623178 0.424129 1.594707 0.412552 1.580835 0.415664 1.507892 0.414791 1.452877 0.415173 1.395539 0.414518 1.343905 0.416755 1.282341 0.408463 1.253353 0.396975 1.230949 0.385944 1.205913 0.374795 1.181581 0.363719 1.157244 0.352552 1.132344 0.340525 1.107181 0.329426 1.077933 0.312638 1.058988 0.315633 0.998474 0.314830 0.949035 0.315045 0.899000 0.314988 0.850439 0.315003 0.802224 0.314999 0.754807 0.315000 0.708716 0.315000 0.664210 0.315000 0.621050 0.315000 0.578587 0.315000 0.536498 0.315000 0.494824 0.315000 0.453816 0.315000 0.413812 0.315000 0.374704 0.315000 0.336137 0.315000 0.297793 0.315000 0.259563 0.315000 0.221562 0.315000 0.184022 0.315000 0.147029 0.315000 0.110367 0.315000 0.073794 0.315000 0.049300 0.315000 0.037053 
2 2 1 3
6 6 0.000000 0.000000 0.000000 0.000000 0.000000 0.000000 1.000000 1.000000 1.000000 1.000000 1.000000 1.000000 0.315000 0.037053 0.315000 0.029683 0.315000 0.022314 0.315000 0.007574 0.315000 0.007574 0.315000 0.000204 
2 2
3 0.295000 0.000204 0.000000
4 0.295000 0.037053 0.000000
3 3 4 3
4 203 0.000000 0.000000 0.000000 0.000000 0.005000 0.010000 0.015000 0.020000 0.025000 0.030000 0.035000 0.040000 0.045000 0.050000 0.055000 0.060000 0.065000 0.070000 0.075000 0.080000 0.085000 0.090000 0.095000 0.100000 0.105000 0.110000 0.115000 0.120000 0.125000 0.130000 0.135000 0.140000 0.145000 0.150000 0.155000 0.160000 0.165000 0.170000 0.175000 0.180000 0.185000 0.190000 0.195000 0.200000 0.205000 0.210000 0.215000 0.220000 0.225000 0.230000 0.235000 0.240000 0.245000 0.250000 0.255000 0.260000 0.265000 0.270000 0.275000 0.280000 0.285000 0.290000 0.295000 0.300000 0.305000 0.310000 0.315000 0.320000 0.325000 0.330000 0.335000 0.340000 0.345000 0.350000 0.355000 0.360000 0.365000 0.370000 0.375000 0.380000 0.385000 0.390000 0.395000 0.400000 0.405000 0.410000 0.415000 0.420000 0.425000 0.430000 0.435000 0.440000 0.445000 0.450000 0.455000 0.460000 0.465000 0.470000 0.475000 0.480000 0.485000 0.490000 0.495000 0.500000 0.505000 0.510000 0.515000 0.520000 0.525000 0.530000 0.535000 0.540000 0.545000 0.550000 0.555000 0.560000 0.565000 0.570000 0.575000 0.580000 0.585000 0.590000 0.595000 0.600000 0.605000 0.610000 0.615000 0.620000 0.625000 0.630000 0.635000 0.640000 0.645000 0.650000 0.655000 0.660000 0.665000 0.670000 0.675000 0.680000 0.685000 0.690000 0.695000 0.700000 0.705000 0.710000 0.715000 0.720000 0.725000 0.730000 0.735000 0.740000 0.745000 0.750000 0.755000 0.760000 0.765000 0.770000 0.775000 0.780000 0.785000 0.790000 0.795000 0.800000 0.805000 0.810000 0.815000 0.820000 0.825000 0.830000 0.835000 0.840000 0.845000 0.850000 0.855000 0.860000 0.865000 0.870000 0.875000 0.880000 0.885000 0.890000 0.895000 0.900000 0.905000 0.910000 0.915000 0.920000 0.925000 0.930000 0.935000 0.940000 0.945000 0.950000 0.955000 0.960000 0.965000 0.970000 0.975000 0.980000 0.985000 0.990000 0.995000 1.000000 1.000000 1.000000 1.000000 0.295000 0.000204 0.295000 -0.012088 0.295000 -0.036674 0.295000 -0.073381 0.295000 -0.109965 0.295000 -0.146622 0.295000 -0.183610 0.295000 -0.221144 0.295000 -0.259140 0.295000 -0.297371 0.295000 -0.335712 0.295000 -0.374275 0.295000 -0.413376 0.295000 -0.453370 0.295000 -0.494367 0.295000 -0.536037 0.295000 -0.578122 0.295000 -0.620580 0.295000 -0.663729 0.295000 -0.708215 0.294999 -0.754302 0.295004 -0.801673 0.294984 -0.849983 0.295061 -0.898240 0.294771 -0.949086 0.295856 -0.996482 0.291832 -1.060903 0.313303 -1.090593 0.321236 -1.113094 0.334580 -1.141134 0.345247 -1.164940 0.356553 -1.189747 0.367469 -1.213692 0.378915 -1.239259 0.389938 -1.262001 0.396435 -1.281557 0.394604 -1.342861 0.395161 -1.395061 0.394754 -1.452549 0.395824 -1.506535 0.391967 -1.580801 0.406852 -1.603951 0.410881 -1.633456 0.451706 -1.646063 0.464062 -1.642679 0.490479 -1.643618 0.513259 -1.643247 0.545162 -1.643791 0.575443 -1.641977 0.621036 -1.653385 0.665165 -1.629007 0.690397 -1.621016 0.721197 -1.608397 0.749549 -1.597369 0.779594 -1.585511 0.809346 -1.573827 0.838626 -1.562293 0.867393 -1.550991 0.895298 -1.539978 0.924442 -1.528611 0.951369 -1.517677 0.987386 -1.504751 1.002067 -1.494188 1.058132 -1.487613 1.075651 -1.406123 1.097619 -1.391101 1.124780 -1.348474 1.148048 -1.316726 1.172376 -1.281973 1.195578 -1.249248 1.218293 -1.217080 1.240573 -1.185611 1.262503 -1.154498 1.284995 -1.122950 1.305782 -1.092545 1.329630 -1.062485 1.349118 -1.020733 1.363396 -0.977865 1.377106 -0.936206 1.390700 -0.895013 1.404128 -0.854331 1.417293 -0.814373 1.430222 -0.775209 1.442919 -0.736688 1.455580 -0.698344 1.468201 -0.660050 1.481168 -0.620906 1.492971 -0.584348 1.508162 -0.541308 1.506939 -0.492556 1.516215 -0.458275 1.523980 -0.416007 1.531899 -0.377075 1.539764 -0.337288 1.547527 -0.298352 1.555214 -0.259744 1.562846 -0.221406 1.570535 -0.182711 1.578338 -0.143694 1.586159 -0.103621 1.591976 -0.062219 1.594775 -0.020720 1.594776 0.020656 1.591972 0.062149 1.586174 0.103553 1.578346 0.143635 1.570545 0.182650 1.562856 0.221346 1.555225 0.259688 1.547534 0.298288 1.539791 0.337228 1.531903 0.377025 1.523992 0.415943 1.516226 0.458225 1.506936 0.492502 1.508157 0.541229 1.493001 0.584286 1.481186 0.620863 1.468205 0.659998 1.455607 0.698291 1.442936 0.736644 1.430243 0.775156 1.417315 0.814333 1.404130 0.854281 1.390729 0.894967 1.377106 0.936167 1.363423 0.977818 1.349135 1.020695 1.329654 1.062448 1.305804 1.092530 1.284999 1.122932 1.262515 1.154478 1.240584 1.185585 1.218304 1.217073 1.195588 1.249235 1.172387 1.281970 1.148042 1.316708 1.124801 1.348474 1.097610 1.391107 1.075654 1.406118 1.058133 1.487617 1.002050 1.494189 0.987385 1.504746 0.951354 1.517689 0.924416 1.528621 0.895273 1.539988 0.867368 1.551001 0.838598 1.562305 0.809323 1.573833 0.779567 1.585531 0.749500 1.597395 0.721158 1.608404 0.690386 1.621024 0.665172 1.629016 0.621085 1.653349 0.575507 1.641988 0.545180 1.643787 0.513295 1.643250 0.490632 1.643613 0.464035 1.642699 0.452109 1.645990 0.410880 1.633739 0.407075 1.604149 0.391913 1.581583 0.395839 1.507105 0.394751 1.453178 0.395160 1.395648 0.394611 1.343469 0.396407 1.282299 0.390027 1.261961 0.379073 1.239662 0.367582 1.213912 0.356683 1.190051 0.345369 1.165212 0.334704 1.141402 0.321386 1.113424 0.313393 1.090841 0.292047 1.061215 0.295798 0.997181 0.294787 0.949587 0.295057 0.898797 0.294985 0.850509 0.295004 0.802201 0.294999 0.754814 0.295000 0.708714 0.295000 0.664210 0.295000 0.621050 0.295000 0.578587 0.295000 0.536498 0.295000 0.494824 0.295000 0.453816 0.295000 0.413812 0.295000 0.374704 0.295000 0.336137 0.295000 0.297793 0.295000 0.259563 0.295000 0.221562 0.295000 0.184022 0.295000 0.147029 0.295000 0.110367 0.295000 0.073794 0.295000 0.049300 0.295000 0.037053 
4 4 3 3
6 6 0.000000 0.000000 0.000000 0.000000 0.000000 0.000000 1.000000 1.000000 1.000000 1.000000 1.000000 1.000000 0.295000 0.037053 0.295000 0.029683 0.295000 0.022314 0.295000 0.007574 0.295000 0.007574 0.295000 0.000204 
3 2
5 0.044660 -0.000010 0.000000
6 1.844660 -0.000010 0.000000
5 5 6 3
6 6 0.000000 0.000000 0.000000 0.000000 0.000000 0.000000 1.000000 1.000000 1.000000 1.000000 1.000000 1.000000 0.044660 -0.000010 0.044660 -2.400010 0.044660 -3.600010 1.844660 -2.400010 1.844660 -1.200010 1.844660 -0.000010 
6 6 5 3
6 6 0.000000 0.000000 0.000000 0.000000 0.000000 0.000000 1.000000 1.000000 1.000000 1.000000 1.000000 1.000000 1.844660 -0.000010 1.844660 1.199990 1.844660 2.399990 0.044660 3.599990 0.044660 2.399990 0.044660 -0.000010 
