 26-Feb-15 06/25/2013
 158103               1
  0.379632500E+04
*3796.325             1               0 SNB   3   2 FIX    39   40
  0.138675213E+02 0.169550002E+03-0.189776220E+01 0.135927950E+07
  0.133949225E+07 0.167235023E+03-0.952326731E+01 0.595682503E+02
  0.180707081E+01 0.349400020E+00 0.664144790E+00 0.186593837E+08
  0.170017465E+03-0.326619730E+00 0.561883864E+01 0.242494210E+01
  0.899877846E+00 0.948921738E+00 0.606740526E+01 0.971927948E+01
  0.279144335E+02 0.109513690E+02 0.420646142E+01-0.534277625E+00
  0.204767361E+03 0.141308219E+03 0.102676757E+03
  0.264203801E+14 0.329744642E+14 0.303823210E+14
  0.118900878E+03 0.116566206E+03
  0.372445711E+14 0.000000000E+00
  0.254912448E+01 0.315843005E+00 0.216234496E+01 0.171820149E+01
  0.723047556E+00 0.845323831E+01-0.500000000E+02-0.500000000E+02
 -0.500000000E+02-0.637294348E-01 0.184867010E+05 0.999711677E+06
  0.902471792E-08 0.136484198E+01 0.110000000E+01-0.985398898E-02
  0.141663341E+01 0.162293993E+03 0.000000000E+00 0.000000000E+00
  0.127673080E+03-0.117167314E+03-0.999000000E+03-0.999000000E+03
  0.119308358E+02-0.500000000E+02-0.188782902E+01-0.185077101E+01
  0.100000000E+03 0.435998177E+02 0.520664539E+02 0.606740526E+01
  0.173854887E+03 0.128069012E+01 0.236613887E+00 0.000000000E+00
  0.111793830E+01 0.301255961E+01 0.124196410E+07 0.000000000E+00
 -0.493635010E-01 0.000000000E+00 0.130510830E+01 0.100000000E+02
    44   76   18    6
 -0.162232964E+00-0.147453054E+00-0.118787957E+00-0.105566566E+00
 -0.665947445E-01-0.358550524E+00-0.370772961E+00-0.762568533E-01
 -0.206594929E+00-0.146810542E+00-0.140940739E+00-0.131041114E+00
 -0.794747681E-01-0.345982485E-01-0.355889772E+00-0.467727797E+00
 -0.145583966E-01-0.142467953E+00-0.139578386E+00-0.142614376E+00
 -0.124613578E+00-0.109181197E+00-0.911600024E-01-0.725692579E-01
 -0.192440196E+00-0.340596582E+00-0.316913453E+00-0.396407873E+00
 -0.324397403E+00-0.130582186E+00-0.128882321E+00-0.101538756E+00
 -0.633565976E-01-0.334268033E-01-0.188049896E+00-0.413260007E+00
 -0.384790292E+00-0.406179896E+00-0.334786551E+00-0.587430253E-01
 -0.108889150E+00-0.699531097E-01-0.108130184E+00-0.158258386E+00
  0.487445054E+00 0.504687100E+00 0.361385563E+00 0.150344228E+00
  0.792095563E-01-0.477235893E-01-0.353105205E-01 0.808514417E-01
  0.149284307E+00 0.225048516E+00 0.307703510E+00 0.286175558E+00
  0.376262667E+00 0.360883378E+00 0.309603801E+00 0.450144048E+00
  0.352774047E+00 0.243840116E+00 0.714764229E-01-0.660373882E-01
 -0.112149909E+00-0.163019253E-01 0.257736596E-01 0.163094517E+00
  0.334560311E+00 0.382536960E+00 0.325804704E+00 0.372451483E+00
  0.337740946E+00-0.501335463E-01 0.228019926E-01 0.100328121E+00
  0.150545705E+00 0.169323976E+00 0.237740461E+00 0.298885947E+00
  0.286096485E+00 0.314913987E+00 0.360383539E+00 0.306269397E+00
  0.339657929E+00 0.327245514E+00 0.325444443E+00 0.371361629E+00
  0.328905706E+00 0.163222597E+00 0.261736339E-01-0.104326691E-01
 -0.109346519E+00-0.633236111E-01 0.704250580E-01 0.245192096E+00
  0.354363263E+00 0.450457368E+00 0.487649905E+00 0.503959116E+00
  0.364188646E+00 0.158542402E+00 0.773923837E-01-0.550890785E-01
  0.126199395E+00 0.145464066E+00 0.144241583E+00 0.125195529E+00
 -0.220782677E-01-0.252032917E-02-0.132608694E+00-0.172342661E+00
 -0.416782942E-01-0.303332403E-01 0.114591830E+00 0.122407245E-01
  0.300767185E-01 0.290723492E-01 0.444833875E-01 0.487648894E-01
 -0.176247208E+06-0.108460665E+06 0.961094471E+03 0.156294451E+05
  0.133685347E+06-0.220660022E+06-0.209840691E+06 0.865389461E+05
 -0.852752519E+05-0.112590967E+06-0.902899497E+05-0.859899974E+05
  0.747875579E+05 0.127139358E+06-0.187244702E+06-0.329826997E+06
  0.158313523E+06-0.126256402E+05
 -0.188556970E+05-0.187472360E+05-0.186483050E+05-0.185593090E+05
 -0.187860120E+05-0.186259510E+05
  0.000000000E+00 0.105553083E+03-0.126339648E+03 0.136337361E+03
 -0.136300002E+03 0.000000000E+00 0.000000000E+00 0.000000000E+00
  0.000000000E+00 0.000000000E+00 0.738272613E+02 0.980962209E+00
  0.829442504E+00 0.205409823E+01-0.400000006E+02-0.250373335E+00
 -0.549643361E+00 0.000000000E+00 0.999000000E+03 0.227404001E+01
  0.155542229E+02 0.110000000E+01 0.905880516E+01-0.353612529E-01
  0.567887477E+01 0.902428976E+01 0.278157564E+01 0.000000000E+00
  0.825339639E-01 0.369340555E+00 0.107970806E+01 0.226600583E+01
  0.530935487E+02 0.284683854E+01-0.890000000E+02 0.123334174E+02
 -0.890000000E+02-0.890000000E+02-0.890000000E+02-0.890000000E+02
  0.177318551E+01-0.890000000E+02-0.890000000E+02 0.105553083E+03
 -0.126339648E+03-0.890000000E+02-0.890000000E+02 0.136337361E+03
 -0.136300002E+03 0.335239252E+08 0.425517170E+00 0.633921160E+00
  0.137519579E+03 0.163687500E+03 0.000000000E+00 0.745543194E+00
                                            KIM
