3 -1 1 2 3
1 2
1 8.395000 0.633000 0.000000
2 8.306000 -0.421000 0.000000
1 1 2 3
4 38 0.000000 0.000000 0.000000 0.000000 0.028571 0.057143 0.085714 0.114286 0.142857 0.171429 0.200000 0.228571 0.257143 0.285714 0.314286 0.342857 0.371429 0.400000 0.428571 0.457143 0.485714 0.514286 0.542857 0.571429 0.600000 0.628571 0.657143 0.685714 0.714286 0.742857 0.771429 0.800000 0.828571 0.857143 0.885714 0.914286 0.942857 0.971429 1.000000 1.000000 1.000000 1.000000 8.395000 0.633000 8.373528 1.004393 8.330583 1.747178 7.902670 2.464289 7.482738 3.179665 6.566377 3.891051 5.773754 4.620132 4.856608 4.820421 4.223813 4.370185 4.114139 3.642840 4.075632 2.550455 4.039331 1.551338 4.043042 0.538191 4.064502 -0.506103 4.100950 -1.417777 4.113699 -2.822787 4.489454 -2.695476 4.573284 -3.080111 4.311611 -3.667482 4.049272 -3.938763 4.570700 -3.885666 4.618726 -3.733774 4.827995 -3.655237 4.998295 -3.665277 5.168026 -3.772055 5.227200 -4.275705 5.559374 -4.706727 5.565303 -4.232789 5.569415 -3.858517 5.589037 -3.709144 5.679236 -3.519306 5.799218 -3.372632 6.013892 -3.283966 6.037815 -3.184706 7.436849 -2.253212 7.912788 -1.344447 8.174929 -0.728816 8.306000 -0.421000 
2 2 1 3
6 6 0.000000 0.000000 0.000000 0.000000 0.000000 0.000000 1.000000 1.000000 1.000000 1.000000 1.000000 1.000000 8.306000 -0.421000 8.388879 -0.226361 8.471759 -0.031721 8.407211 0.421803 8.407211 0.421803 8.395000 0.633000 
2 2
3 8.444917 0.635886 0.000000
4 8.352003 -0.440589 0.000000
3 3 4 3
4 41 0.000000 0.000000 0.000000 0.000000 0.026316 0.052632 0.078947 0.105263 0.131579 0.157895 0.184211 0.210526 0.236842 0.263158 0.289474 0.315789 0.342105 0.368421 0.394737 0.421053 0.447368 0.473684 0.500000 0.526316 0.552632 0.578947 0.605263 0.631579 0.657895 0.684211 0.710526 0.736842 0.763158 0.789474 0.815789 0.842105 0.868421 0.894737 0.921053 0.947368 0.973684 1.000000 1.000000 1.000000 1.000000 8.444917 0.635886 8.423182 1.010369 8.379712 1.759336 7.945947 2.490657 7.518670 3.214838 6.598333 3.929069 5.803343 4.662272 4.849568 4.877422 4.174623 4.396215 4.064171 3.641721 4.025682 2.553251 3.989294 1.551999 3.993181 0.537610 4.014003 -0.508108 4.052940 -1.418057 4.056306 -2.826034 4.480011 -2.769481 4.521889 -3.042602 4.231532 -3.689516 4.164902 -3.731857 4.033047 -3.965895 4.589065 -3.942234 4.663101 -3.762639 4.832276 -3.706690 4.990074 -3.725832 5.099156 -3.762104 5.230003 -4.360286 5.340308 -4.494216 5.526060 -4.673450 5.623228 -4.444997 5.611418 -4.304125 5.621081 -3.838454 5.635951 -3.731642 5.725330 -3.541781 5.822376 -3.419157 6.047738 -3.320786 6.064898 -3.226573 7.470662 -2.291876 7.960596 -1.362028 8.221534 -0.747735 8.352003 -0.440589 
4 4 3 3
6 6 0.000000 0.000000 0.000000 0.000000 0.000000 0.000000 1.000000 1.000000 1.000000 1.000000 1.000000 1.000000 8.352003 -0.440589 8.434882 -0.245949 8.517762 -0.051310 8.457127 0.424688 8.457127 0.424688 8.444917 0.635886 
3 2
5 3.220500 0.078050 0.000000
6 9.220500 0.078050 0.000000
5 5 6 3
6 6 0.000000 0.000000 0.000000 0.000000 0.000000 0.000000 1.000000 1.000000 1.000000 1.000000 1.000000 1.000000 3.220500 0.078050 3.220500 -5.321950 3.220500 -8.021950 9.220500 -5.321950 9.220500 -2.621950 9.220500 0.078050 
6 6 5 3
6 6 0.000000 0.000000 0.000000 0.000000 0.000000 0.000000 1.000000 1.000000 1.000000 1.000000 1.000000 1.000000 9.220500 0.078050 9.220500 2.778050 9.220500 5.478050 3.220500 8.178050 3.220500 5.478050 3.220500 0.078050 
