3 -1 1 2 3
1 2
1 1.265000 -0.200000 0.000000
2 1.265000 0.000000 0.000000
1 1 2 3
4 33 0.000000 0.000000 0.000000 0.000000 0.033333 0.066667 0.100000 0.133333 0.166667 0.200000 0.233333 0.266667 0.300000 0.333333 0.366667 0.400000 0.433333 0.466667 0.500000 0.533333 0.566667 0.600000 0.633333 0.666667 0.700000 0.733333 0.766667 0.800000 0.833333 0.866667 0.900000 0.933333 0.966667 1.000000 1.000000 1.000000 1.000000 1.265000 -0.200000 1.265669 -0.266318 1.267006 -0.398953 1.256978 -0.604187 1.295083 -0.784300 1.152690 -1.058614 1.684157 -1.491242 1.539684 -1.330816 1.625109 -1.105495 1.517881 -1.165206 2.059366 -0.773683 2.280653 -0.378064 2.216021 -0.378061 2.265262 -0.323691 2.300931 -0.187175 2.319014 -0.061608 2.319014 0.061608 2.300931 0.187175 2.265262 0.323691 2.216021 0.378061 2.280653 0.378064 2.059366 0.773683 1.517881 1.165206 1.625109 1.105495 1.539683 1.330816 1.684157 1.491242 1.152687 1.058616 1.295093 0.784294 1.256939 0.604207 1.267150 0.398878 1.264463 0.200280 1.264821 0.066760 1.265000 0.000000 
2 2 1 3
6 6 0.000000 0.000000 0.000000 0.000000 0.000000 0.000000 1.000000 1.000000 1.000000 1.000000 1.000000 1.000000 1.265000 0.000000 1.265107 -0.040000 1.265215 -0.080000 1.264597 -0.160002 1.264597 -0.160002 1.265000 -0.200000 
2 2
3 1.245001 -0.200202 0.000000
4 1.245000 -0.000054 0.000000
3 3 4 3
4 35 0.000000 0.000000 0.000000 0.000000 0.031250 0.062500 0.093750 0.125000 0.156250 0.187500 0.218750 0.250000 0.281250 0.312500 0.343750 0.375000 0.406250 0.437500 0.468750 0.500000 0.531250 0.562500 0.593750 0.625000 0.656250 0.687500 0.718750 0.750000 0.781250 0.812500 0.843750 0.875000 0.906250 0.937500 0.968750 1.000000 1.000000 1.000000 1.000000 1.245001 -0.200202 1.245634 -0.265767 1.246901 -0.396897 1.237419 -0.609830 1.273740 -0.772504 1.140661 -1.073313 1.648485 -1.502103 1.625362 -1.370826 1.579757 -1.360822 1.642230 -1.087730 1.528297 -1.190597 2.073439 -0.785232 2.300122 -0.389982 2.235646 -0.363019 2.282758 -0.339260 2.320963 -0.188714 2.338944 -0.063995 2.338944 0.063995 2.320963 0.188714 2.282758 0.339260 2.235646 0.363019 2.300122 0.389982 2.073439 0.785232 1.528297 1.190597 1.642230 1.087730 1.579757 1.360822 1.625362 1.370826 1.648486 1.502103 1.140659 1.073314 1.273750 0.772497 1.237382 0.609863 1.247037 0.396727 1.244491 0.200993 1.244830 0.066962 1.245000 -0.000054 
4 4 3 3
6 6 0.000000 0.000000 0.000000 0.000000 0.000000 0.000000 1.000000 1.000000 1.000000 1.000000 1.000000 1.000000 1.245000 -0.000054 1.245107 -0.040054 1.245215 -0.080053 1.244598 -0.160204 1.244598 -0.160204 1.245001 -0.200202 
3 2
5 0.690500 0.000000 0.000000
6 2.890500 0.000000 0.000000
5 5 6 3
6 6 0.000000 0.000000 0.000000 0.000000 0.000000 0.000000 1.000000 1.000000 1.000000 1.000000 1.000000 1.000000 0.690500 0.000000 0.690500 -2.160000 0.690500 -3.240000 2.890500 -2.160000 2.890500 -1.080000 2.890500 0.000000 
6 6 5 3
6 6 0.000000 0.000000 0.000000 0.000000 0.000000 0.000000 1.000000 1.000000 1.000000 1.000000 1.000000 1.000000 2.890500 0.000000 2.890500 1.080000 2.890500 2.160000 0.690500 3.240000 0.690500 2.160000 0.690500 0.000000 
