3 -1 1 2 3
1 2
1 1.016300 -0.491400 0.000000
2 1.016000 0.820100 0.000000
1 1 2 3
4 58 0.000000 0.000000 0.000000 0.000000 0.018182 0.036364 0.054545 0.072727 0.090909 0.109091 0.127273 0.145455 0.163636 0.181818 0.200000 0.218182 0.236364 0.254545 0.272727 0.290909 0.309091 0.327273 0.345455 0.363636 0.381818 0.400000 0.418182 0.436364 0.454545 0.472727 0.490909 0.509091 0.527273 0.545455 0.563636 0.581818 0.600000 0.618182 0.636364 0.654545 0.672727 0.690909 0.709091 0.727273 0.745455 0.763636 0.781818 0.800000 0.818182 0.836364 0.854545 0.872727 0.890909 0.909091 0.927273 0.945455 0.963636 0.981818 1.000000 1.000000 1.000000 1.000000 1.016300 -0.491400 1.016320 -0.576019 1.016359 -0.745258 1.013664 -0.885367 1.005184 -1.187075 1.019001 -1.259733 1.145612 -1.357992 1.279949 -1.374697 1.371391 -1.366819 1.372287 -1.324627 1.374461 -1.254673 1.466870 -1.244279 1.579858 -1.249009 1.688896 -1.253084 1.765556 -1.250054 1.767479 -1.216098 1.786927 -1.173752 1.894411 -1.111292 2.019227 -1.050080 2.133680 -0.971587 2.214652 -0.791773 2.292912 -0.590520 2.361501 -0.392746 2.370083 -0.221697 2.366167 -0.125665 2.364847 -0.042443 2.365043 0.042238 2.365580 0.127290 2.368037 0.226203 2.365472 0.384497 2.327077 0.519410 2.248022 0.724463 2.147834 0.983136 2.049842 1.059792 1.796199 1.079496 1.643963 1.075825 1.596948 1.094203 1.529245 1.156962 1.445671 1.228348 1.374871 1.292245 1.371445 1.325273 1.362349 1.348864 1.288759 1.350470 1.276017 1.343256 1.278175 1.330905 1.264282 1.290922 1.242696 1.244205 1.222335 1.212459 1.202964 1.194760 1.180208 1.181500 1.137003 1.168838 1.094381 1.164348 1.044672 1.164371 1.014931 1.163967 1.013205 1.120562 1.015649 1.122984 1.015883 0.921061 1.016000 0.820100 
2 2 1 3
6 6 0.000000 0.000000 0.000000 0.000000 0.000000 0.000000 1.000000 1.000000 1.000000 1.000000 1.000000 1.000000 1.016000 0.820100 1.016304 0.557800 1.016608 0.295500 1.016239 -0.229100 1.016239 -0.229100 1.016300 -0.491400 
2 2
3 0.996300 -0.491405 0.000000
4 0.996000 0.820077 0.000000
3 3 4 3
4 58 0.000000 0.000000 0.000000 0.000000 0.018182 0.036364 0.054545 0.072727 0.090909 0.109091 0.127273 0.145455 0.163636 0.181818 0.200000 0.218182 0.236364 0.254545 0.272727 0.290909 0.309091 0.327273 0.345455 0.363636 0.381818 0.400000 0.418182 0.436364 0.454545 0.472727 0.490909 0.509091 0.527273 0.545455 0.563636 0.581818 0.600000 0.618182 0.636364 0.654545 0.672727 0.690909 0.709091 0.727273 0.745455 0.763636 0.781818 0.800000 0.818182 0.836364 0.854545 0.872727 0.890909 0.909091 0.927273 0.945455 0.963636 0.981818 1.000000 1.000000 1.000000 1.000000 0.996300 -0.491405 0.996295 -0.575942 0.996285 -0.745018 0.993962 -0.885520 0.984105 -1.183668 1.003031 -1.274917 1.137853 -1.376844 1.278578 -1.393924 1.379947 -1.390970 1.396637 -1.314286 1.388462 -1.275171 1.464206 -1.264087 1.579823 -1.269234 1.686948 -1.272283 1.772711 -1.273033 1.791912 -1.213560 1.797595 -1.193293 1.903711 -1.128201 2.027754 -1.068828 2.150780 -0.983316 2.233425 -0.798509 2.311445 -0.598113 2.381213 -0.397083 2.390159 -0.221332 2.386134 -0.124885 2.384855 -0.042426 2.385042 0.042192 2.385576 0.126939 2.388037 0.225701 2.385476 0.386910 2.345904 0.526864 2.266131 0.731420 2.168504 0.991122 2.052361 1.081949 1.797166 1.098615 1.642311 1.097097 1.611422 1.109673 1.542294 1.171785 1.458619 1.243373 1.389119 1.307572 1.396776 1.321901 1.363944 1.372938 1.292027 1.372335 1.253569 1.351470 1.259151 1.333279 1.245733 1.299470 1.224857 1.253090 1.206414 1.224946 1.190944 1.211091 1.173149 1.200387 1.133370 1.188647 1.092455 1.183896 1.050211 1.186227 0.994125 1.176995 0.993425 1.116600 0.995595 1.123702 0.995865 0.921285 0.996000 0.820077 
4 4 3 3
6 6 0.000000 0.000000 0.000000 0.000000 0.000000 0.000000 1.000000 1.000000 1.000000 1.000000 1.000000 1.000000 0.996000 0.820077 0.996304 0.557777 0.996608 0.295477 0.996239 -0.229105 0.996239 -0.229105 0.996300 -0.491405 
3 2
5 0.438450 -0.010800 0.000000
6 2.938450 -0.010800 0.000000
5 5 6 3
6 6 0.000000 0.000000 0.000000 0.000000 0.000000 0.000000 1.000000 1.000000 1.000000 1.000000 1.000000 1.000000 0.438450 -0.010800 0.438450 -2.410800 0.438450 -3.610800 2.938450 -2.410800 2.938450 -1.210800 2.938450 -0.010800 
6 6 5 3
6 6 0.000000 0.000000 0.000000 0.000000 0.000000 0.000000 1.000000 1.000000 1.000000 1.000000 1.000000 1.000000 2.938450 -0.010800 2.938450 1.189200 2.938450 2.389200 0.438450 3.589200 0.438450 2.389200 0.438450 -0.010800 
