3 -1 1 2 3
1 2
1 1.849330 0.000159 0.000000
2 1.844830 0.052502 0.000000
1 1 2 3
4 102 0.000000 0.000000 0.000000 0.000000 0.010101 0.020202 0.030303 0.040404 0.050505 0.060606 0.070707 0.080808 0.090909 0.101010 0.111111 0.121212 0.131313 0.141414 0.151515 0.161616 0.171717 0.181818 0.191919 0.202020 0.212121 0.222222 0.232323 0.242424 0.252525 0.262626 0.272727 0.282828 0.292929 0.303030 0.313131 0.323232 0.333333 0.343434 0.353535 0.363636 0.373737 0.383838 0.393939 0.404040 0.414141 0.424242 0.434343 0.444444 0.454545 0.464646 0.474747 0.484848 0.494949 0.505051 0.515152 0.525253 0.535354 0.545455 0.555556 0.565657 0.575758 0.585859 0.595960 0.606061 0.616162 0.626263 0.636364 0.646465 0.656566 0.666667 0.676768 0.686869 0.696970 0.707071 0.717172 0.727273 0.737374 0.747475 0.757576 0.767677 0.777778 0.787879 0.797980 0.808081 0.818182 0.828283 0.838384 0.848485 0.858586 0.868687 0.878788 0.888889 0.898990 0.909091 0.919192 0.929293 0.939394 0.949495 0.959596 0.969697 0.979798 0.989899 1.000000 1.000000 1.000000 1.000000 1.849330 0.000159 1.851063 -0.017225 1.854529 -0.051994 1.860636 -0.103373 1.867968 -0.154765 1.875611 -0.206320 1.885169 -0.258086 1.894374 -0.310519 1.906796 -0.363864 1.917743 -0.417870 1.933591 -0.473748 1.945953 -0.532061 1.972698 -0.584087 1.958297 -0.675660 1.993115 -0.734019 2.014822 -0.800791 2.045515 -0.871417 2.076776 -0.946958 2.111001 -1.031852 2.150741 -1.118773 2.186816 -1.240235 2.260414 -1.288467 2.334169 -1.351239 2.421489 -1.312979 2.442213 -1.852946 2.588559 -1.534038 2.673952 -1.628661 2.791553 -1.741759 2.875715 -1.550784 2.996086 -1.675144 3.006082 -1.247121 3.098745 -1.300354 3.158857 -1.213224 3.262547 -1.235389 3.284595 -1.098619 3.345193 -1.049214 3.397734 -0.988865 3.449713 -0.930875 3.496335 -0.869650 3.540586 -0.808972 3.583002 -0.747418 3.621387 -0.684293 3.656669 -0.620387 3.691177 -0.556230 3.720244 -0.489825 3.748447 -0.423386 3.775290 -0.356172 3.796915 -0.287012 3.818391 -0.217286 3.837159 -0.146497 3.852031 -0.073824 3.866117 0.000042 3.876863 0.074948 3.884053 0.152143 3.889185 0.230927 3.892367 0.310862 3.889268 0.392969 3.884680 0.477255 3.875953 0.562976 3.864449 0.650796 3.845752 0.739580 3.823683 0.831129 3.796616 0.924111 3.763754 1.017998 3.726128 1.114598 3.678372 1.206111 3.638942 1.318198 3.608801 1.462517 3.513975 1.518716 3.431780 1.596361 3.349104 1.690560 3.251105 1.759020 3.156076 1.855081 3.035931 1.869417 2.921358 1.917973 2.803375 1.963812 2.679422 1.987380 2.554258 1.983889 2.431506 1.957724 2.315378 1.905076 2.204304 1.845253 2.121468 1.708911 2.054246 1.572321 2.004929 1.428525 1.953700 1.316200 1.921972 1.190735 1.913391 1.050359 1.895385 0.945508 1.883831 0.845145 1.872271 0.756316 1.861663 0.675636 1.853555 0.599821 1.846618 0.528205 1.841075 0.459792 1.838384 0.395963 1.836751 0.333394 1.835472 0.273638 1.837122 0.216630 1.838162 0.159917 1.841232 0.106149 1.843631 0.070384 1.844830 0.052502 
2 2 1 3
6 6 0.000000 0.000000 0.000000 0.000000 0.000000 0.000000 1.000000 1.000000 1.000000 1.000000 1.000000 1.000000 1.844830 0.052502 1.845533 0.042018 1.846236 0.031535 1.848288 0.010615 1.848288 0.010615 1.849330 0.000159 
2 2
3 1.829429 -0.001825 0.000000
4 1.824875 0.051163 0.000000
3 3 4 3
4 104 0.000000 0.000000 0.000000 0.000000 0.009901 0.019802 0.029703 0.039604 0.049505 0.059406 0.069307 0.079208 0.089109 0.099010 0.108911 0.118812 0.128713 0.138614 0.148515 0.158416 0.168317 0.178218 0.188119 0.198020 0.207921 0.217822 0.227723 0.237624 0.247525 0.257426 0.267327 0.277228 0.287129 0.297030 0.306931 0.316832 0.326733 0.336634 0.346535 0.356436 0.366337 0.376238 0.386139 0.396040 0.405941 0.415842 0.425743 0.435644 0.445545 0.455446 0.465347 0.475248 0.485149 0.495050 0.504950 0.514851 0.524752 0.534653 0.544554 0.554455 0.564356 0.574257 0.584158 0.594059 0.603960 0.613861 0.623762 0.633663 0.643564 0.653465 0.663366 0.673267 0.683168 0.693069 0.702970 0.712871 0.722772 0.732673 0.742574 0.752475 0.762376 0.772277 0.782178 0.792079 0.801980 0.811881 0.821782 0.831683 0.841584 0.851485 0.861386 0.871287 0.881188 0.891089 0.900990 0.910891 0.920792 0.930693 0.940594 0.950495 0.960396 0.970297 0.980198 0.990099 1.000000 1.000000 1.000000 1.000000 1.829429 -0.001825 1.831165 -0.019246 1.834637 -0.054089 1.840813 -0.106036 1.848166 -0.157577 1.855895 -0.209683 1.865465 -0.261527 1.874806 -0.314656 1.887203 -0.367913 1.898426 -0.423062 1.913867 -0.477361 1.927669 -0.541198 1.952452 -0.584012 1.938004 -0.677101 1.975629 -0.744522 1.995702 -0.806739 2.027360 -0.879881 2.058031 -0.953981 2.093034 -1.040645 2.131134 -1.124029 2.170443 -1.251449 2.244731 -1.303493 2.341070 -1.375766 2.391515 -1.318476 2.437898 -1.831693 2.540058 -1.685904 2.597368 -1.603160 2.624324 -1.605444 2.638570 -1.625924 2.811494 -1.765173 2.874546 -1.571815 3.017985 -1.681707 3.029922 -1.247176 3.097225 -1.325272 3.167092 -1.230649 3.275369 -1.252321 3.305907 -1.102157 3.356802 -1.066820 3.413539 -1.001036 3.464824 -0.944023 3.512554 -0.881370 3.556810 -0.820665 3.599775 -0.758335 3.638771 -0.694193 3.674169 -0.630072 3.709161 -0.565012 3.738696 -0.497547 3.766853 -0.431222 3.794172 -0.362808 3.816051 -0.292822 3.837571 -0.222978 3.856666 -0.150961 3.871657 -0.077673 3.885831 -0.003363 3.896741 0.072658 3.903998 0.150655 3.909155 0.229721 3.912380 0.310900 3.909247 0.393961 3.904623 0.478787 3.895833 0.565225 3.884177 0.654162 3.865240 0.744094 3.843048 0.836165 3.815626 0.930329 3.782616 1.024735 3.744211 1.123076 3.696453 1.215057 3.658850 1.321175 3.626900 1.473088 3.523512 1.536924 3.447907 1.608674 3.361652 1.706177 3.265073 1.773422 3.165494 1.873183 3.039067 1.889375 2.930456 1.935948 2.808981 1.983142 2.680989 2.007432 2.552021 2.003961 2.424633 1.976535 2.307508 1.923717 2.189417 1.859421 2.103542 1.717961 2.035679 1.579769 1.986311 1.435740 1.935034 1.323743 1.901948 1.192877 1.893509 1.052239 1.875633 0.948783 1.863943 0.847273 1.852462 0.759080 1.841803 0.678010 1.833653 0.601811 1.826703 0.530055 1.821110 0.461054 1.818390 0.396522 1.816759 0.333997 1.815468 0.273522 1.817129 0.216111 1.818169 0.159273 1.821277 0.104786 1.823675 0.069037 1.824875 0.051163 
4 4 3 3
6 6 0.000000 0.000000 0.000000 0.000000 0.000000 0.000000 1.000000 1.000000 1.000000 1.000000 1.000000 1.000000 1.824875 0.051163 1.825578 0.040680 1.826281 0.030196 1.828386 0.008631 1.828386 0.008631 1.829429 -0.001825 
3 2
5 1.613640 0.136535 0.000000
6 4.113640 0.136535 0.000000
5 5 6 3
6 6 0.000000 0.000000 0.000000 0.000000 0.000000 0.000000 1.000000 1.000000 1.000000 1.000000 1.000000 1.000000 1.613640 0.136535 1.613640 -2.263465 1.613640 -3.463465 4.113640 -2.263465 4.113640 -1.063465 4.113640 0.136535 
6 6 5 3
6 6 0.000000 0.000000 0.000000 0.000000 0.000000 0.000000 1.000000 1.000000 1.000000 1.000000 1.000000 1.000000 4.113640 0.136535 4.113640 1.336535 4.113640 2.536535 1.613640 3.736535 1.613640 2.536535 1.613640 0.136535 
